0.000000000000000000e+00
2.395857125520706177e-02
6.577855348587036133e-02
6.790942698717117310e-02
-4.299311898648738861e-03
-1.274321973323822021e-01
-2.235064953565597534e-01
-2.055684477090835571e-01
-3.468035906553268433e-02
2.519354224205017090e-01
5.500113368034362793e-01
7.173943519592285156e-01
6.087621450424194336e-01
1.361668556928634644e-01
-6.245128512382507324e-01
-1.374193549156188965e+00
-1.692652344703674316e+00
-1.297655344009399414e+00
-3.533788323402404785e-01
4.150523245334625244e-01
-1.489159744232892990e-02
-2.399511098861694336e+00
-6.666005134582519531e+00
-1.177629756927490234e+01
-1.613442611694335938e+01
-1.828465270996093750e+01
-1.753549003601074219e+01
-1.403409481048583984e+01
-8.429806709289550781e+00
-1.523448705673217773e+00
5.871600627899169922e+00
1.293149375915527344e+01
1.873810958862304688e+01
2.233560752868652344e+01
2.303393936157226562e+01
2.077212524414062500e+01
1.640091896057128906e+01
1.141028976440429688e+01
7.108260154724121094e+00
4.051583290100097656e+00
2.158810615539550781e+00
1.064111709594726562e+00
4.027926921844482422e-01
-1.019387245178222656e-01
-7.034854888916015625e-01
-1.665157318115234375e+00
-3.157214164733886719e+00
-5.098675727844238281e+00
-7.069442749023437500e+00
-8.380475044250488281e+00
-8.318309783935546875e+00
-6.500323295593261719e+00
-3.202550888061523438e+00
6.344926357269287109e-01
3.851560592651367188e+00
5.607185363769531250e+00
5.737998962402343750e+00
4.734319686889648438e+00
3.350295066833496094e+00
2.172989845275878906e+00
1.439018249511718750e+00
1.145591735839843750e+00
1.254880905151367188e+00
1.739780426025390625e+00
2.408768653869628906e+00
2.692479133605957031e+00
1.677239418029785156e+00
-1.503901481628417969e+00
-7.109766006469726562e+00
-1.431083202362060547e+01
-2.115576171875000000e+01
-2.523051452636718750e+01
-2.467826843261718750e+01
-1.906852722167968750e+01
-9.685338020324707031e+00
1.032934188842773438e+00
1.057651329040527344e+01
1.728370666503906250e+01
2.061387634277343750e+01
2.094114685058593750e+01
1.911041259765625000e+01
1.590477561950683594e+01
1.184121417999267578e+01
7.328447341918945312e+00
2.888386726379394531e+00
-7.941173911094665527e-01
-3.067643165588378906e+00
-3.575043678283691406e+00
-2.324975013732910156e+00
3.713209629058837891e-01
3.962604522705078125e+00
7.667559623718261719e+00
1.052119731903076172e+01
1.151845932006835938e+01
9.807558059692382812e+00
4.950723648071289062e+00
-2.740826606750488281e+00
-1.204992294311523438e+01
-2.108311462402343750e+01
-2.778697204589843750e+01
-3.049693298339843750e+01
-2.847222900390625000e+01
-2.210310363769531250e+01
-1.254876613616943359e+01
-1.338698387145996094e+00
9.828662872314453125e+00
1.917463684082031250e+01
2.505480957031250000e+01
2.625279235839843750e+01
2.228128051757812500e+01
1.377150726318359375e+01
2.628942489624023438e+00
-8.370067596435546875e+00
-1.641215515136718750e+01
-1.960517883300781250e+01
-1.764552307128906250e+01
-1.181259918212890625e+01
-4.283843040466308594e+00
2.806140899658203125e+00
8.096573829650878906e+00
1.119692230224609375e+01
1.241956138610839844e+01
1.233571529388427734e+01
1.134361553192138672e+01
9.570199012756347656e+00
7.085959434509277344e+00
4.089797019958496094e+00
1.000105857849121094e+00
-1.640016555786132812e+00
-3.393155097961425781e+00
-4.154989242553710938e+00
-4.189830780029296875e+00
-3.925342559814453125e+00
-3.660339355468750000e+00
-3.378149032592773438e+00
-2.791548728942871094e+00
-1.581598281860351562e+00
3.314664363861083984e-01
2.642922401428222656e+00
4.717128753662109375e+00
5.813551902770996094e+00
5.392674446105957031e+00
3.361790657043457031e+00
1.440858840942382812e-01
-3.431035041809082031e+00
-6.378092765808105469e+00
-7.859702110290527344e+00
-7.464716911315917969e+00
-5.385161399841308594e+00
-2.381651878356933594e+00
4.692515134811401367e-01
2.155863761901855469e+00
2.094602584838867188e+00
3.293116092681884766e-01
-2.503526687622070312e+00
-5.411989212036132812e+00
-7.443474769592285156e+00
-8.082597732543945312e+00
-7.332580566406250000e+00
-5.495653152465820312e+00
-2.905375480651855469e+00
1.642531156539916992e-01
3.398415565490722656e+00
6.366257667541503906e+00
8.578012466430664062e+00
9.582103729248046875e+00
9.128356933593750000e+00
7.315278053283691406e+00
4.612223625183105469e+00
1.730318069458007812e+00
-6.175569295883178711e-01
-1.964408874511718750e+00
-2.252248764038085938e+00
-1.814787864685058594e+00
-1.192725181579589844e+00
-8.592500686645507812e-01
-1.025528907775878906e+00
-1.618891716003417969e+00
-2.332890510559082031e+00
-2.766334533691406250e+00
-2.622836112976074219e+00
-1.869456291198730469e+00
-7.498457431793212891e-01
3.472414016723632812e-01
1.069067001342773438e+00
1.253384590148925781e+00
9.759523272514343262e-01
4.705253839492797852e-01
1.284939050674438477e-02
-1.635468006134033203e-01
7.779860496520996094e-02
7.346230745315551758e-01
1.643424987792968750e+00
2.543335914611816406e+00
3.158305168151855469e+00
3.253450393676757812e+00
2.733289718627929688e+00
1.678503990173339844e+00
3.303391933441162109e-01
-9.737874269485473633e-01
-1.888311386108398438e+00
-2.163152694702148438e+00
-1.713738441467285156e+00
-6.122648715972900391e-01
9.394123554229736328e-01
2.615707397460937500e+00
3.960368156433105469e+00
4.432035446166992188e+00
3.563168525695800781e+00
1.195993423461914062e+00
-2.329644203186035156e+00
-6.178306579589843750e+00
-9.269468307495117188e+00
-1.068314552307128906e+01
-1.002692604064941406e+01
-7.589231491088867188e+00
-4.200627326965332031e+00
-8.766894340515136719e-01
1.581801414489746094e+00
2.853448867797851562e+00
3.115521430969238281e+00
2.854066848754882812e+00
2.591321945190429688e+00
2.668434143066406250e+00
3.164703369140625000e+00
3.929059028625488281e+00
4.658396720886230469e+00
4.978070259094238281e+00
4.545252799987792969e+00
3.174570083618164062e+00
9.472507238388061523e-01
-1.743214607238769531e+00
-4.263257980346679688e+00
-5.954657554626464844e+00
-6.429065704345703125e+00
-5.694817543029785156e+00
-4.077975273132324219e+00
-2.088388442993164062e+00
-2.081795930862426758e-01
1.294452667236328125e+00
2.394392967224121094e+00
3.159038543701171875e+00
3.562267303466796875e+00
3.439684867858886719e+00
2.617379188537597656e+00
1.123935699462890625e+00
-7.011219263076782227e-01
-2.305126190185546875e+00
-3.167153358459472656e+00
-3.030857086181640625e+00
-1.995735168457031250e+00
-4.424899816513061523e-01
1.140809059143066406e+00
2.341770172119140625e+00
2.940498352050781250e+00
2.924349784851074219e+00
2.416072845458984375e+00
1.575216293334960938e+00
5.381276607513427734e-01
-5.678934454917907715e-01
-1.581909179687500000e+00
-2.317444801330566406e+00
-2.643077850341796875e+00
-2.538235664367675781e+00
-2.080500602722167969e+00
-1.423480987548828125e+00
-7.291824817657470703e-01
-1.147958636283874512e-01
3.667836785316467285e-01
7.225637435913085938e-01
9.998965263366699219e-01
1.256236076354980469e+00
1.519564628601074219e+00
1.765183448791503906e+00
1.930474281311035156e+00
1.963074684143066406e+00
1.873723030090332031e+00
1.761486053466796875e+00
1.801430702209472656e+00
2.196697235107421875e+00
3.106717109680175781e+00
4.555900573730468750e+00
6.343340873718261719e+00
7.995268821716308594e+00
8.811453819274902344e+00
8.036328315734863281e+00
5.118446350097656250e+00
-2.966332435607910156e-02
-6.893895149230957031e+00
-1.443014526367187500e+01
-2.135040283203125000e+01
-2.651446533203125000e+01
-2.924049377441406250e+01
-2.936627197265625000e+01
-2.703343200683593750e+01
-2.236990356445312500e+01
-1.533130073547363281e+01
-5.890877723693847656e+00
5.450956344604492188e+00
1.724501037597656250e+01
2.715705871582031250e+01
3.264242553710937500e+01
3.199606323242187500e+01
2.529496765136718750e+01
1.463939476013183594e+01
3.397155761718750000e+00
-5.040027618408203125e+00
-8.460968971252441406e+00
-6.514819145202636719e+00
-6.278865337371826172e-01
6.731170654296875000e+00
1.307760429382324219e+01
1.671804809570312500e+01
1.708590698242187500e+01
1.461847496032714844e+01
1.035735511779785156e+01
5.524600982666015625e+00
1.199043273925781250e+00
-1.903676033020019531e+00
-3.563828468322753906e+00
-4.070115089416503906e+00
-4.075983047485351562e+00
-4.333542823791503906e+00
-5.417721748352050781e+00
-7.553452491760253906e+00
-1.057756042480468750e+01
-1.400308418273925781e+01
-1.714184570312500000e+01
-1.923874282836914062e+01
-1.960035705566406250e+01
-1.788063049316406250e+01
-1.417805480957031250e+01
-9.005635261535644531e+00
-3.203266859054565430e+00
2.218507766723632812e+00
6.359075069427490234e+00
8.663528442382812500e+00
9.035127639770507812e+00
7.857348918914794922e+00
5.894096851348876953e+00
4.051814079284667969e+00
3.045679092407226562e+00
3.115270614624023438e+00
3.924849748611450195e+00
4.716577529907226562e+00
4.688952445983886719e+00
3.416938066482543945e+00
1.085229158401489258e+00
-1.602428078651428223e+00
-3.784827470779418945e+00
-4.861116886138916016e+00
-4.727579593658447266e+00
-3.729718923568725586e+00
-2.408275365829467773e+00
-1.220423340797424316e+00
-3.883315920829772949e-01
8.755249530076980591e-02
3.171700835227966309e-01
4.092995822429656982e-01
4.207550585269927979e-01
3.676624894142150879e-01
2.620981931686401367e-01
1.359356492757797241e-01
3.617008030414581299e-02
0.000000000000000000e+00
